|             JD | Radial_Velocity | Radial_Velocity_Uncertainty |
|         double |          double |                      double |
|           days |             m/s |                         m/s |
  2450002.665695             -52.9                           4.1
  2450002.684340             -45.8                           4.8
  2450002.800220             -60.8                           4.6
  2450002.815961             -53.3                           5.0
  2450002.954711             -60.9                           5.5
  2450002.968287             -57.3                           7.0
  2450003.611377             -24.2                           5.0
  2450003.626898             -30.5                           4.6
  2450003.642963             -26.0                           4.9
  2450003.716586             -19.2                           4.2
  2450003.732488             -23.5                           4.3
  2450003.747488             -21.2                           4.1
  2450003.886863             -13.5                           4.5
  2450003.902315             -14.7                           4.7
  2450003.917083             -11.9                           5.5
  2450004.601708              39.7                           2.6
  2450004.619537              38.0                           3.9
  2450004.785324              48.8                           2.4
  2450004.907253              53.2                           3.1
  2450005.604647              36.6                           2.6
  2450005.917766               8.7                           4.8
  2450005.931539               8.2                           4.6
  2450011.631285             -55.7                           6.8
  2450011.656319             -56.4                           6.1
  2450011.826574             -45.6                           7.0
  2450011.848889             -50.6                           6.7
  2450012.624850              21.7                           7.2
  2450012.647407              20.3                           7.6
  2450012.857500              29.5                           8.1
  2450012.880313               26.                           10.
  2450013.612662              52.3                           6.4
  2450013.635625              57.3                           6.7
  2450013.823021              54.3                           7.3
  2450013.842350               33.                           11.
  2450014.632407              -8.8                           7.4
  2450014.654248              -9.5                           7.3
  2450014.711505              -7.7                           7.2
  2450014.734514             -15.6                           7.4
  2450014.804063             -24.4                           6.1
  2450014.826817             -15.8                           6.2
  2450014.896100             -37.6                           8.8
  2450014.919560              -27.                           13.
  2450015.613912             -52.5                           7.2
  2450015.636215             -61.1                           6.1
  2450015.734225             -54.7                           6.7
  2450015.757269             -52.7                           6.6
  2450015.853368             -65.8                           8.1
  2450015.876921             -53.8                           7.8
  2450016.600139              10.8                           6.8
  2450016.630394              -5.8                           6.6
  2450016.750521               4.9                           6.5
  2450016.772500               3.2                           7.0
  2450016.836400               9.2                           8.8
  2450016.860336              13.1                           9.1
  2450017.723137              58.0                           5.9
  2450017.746840              55.4                           6.4
  2450017.837141              55.1                           7.4
  2450017.858681              52.3                           9.6
  2450018.602975              14.3                           8.1
  2450018.624167              15.1                           6.2
  2450018.754653               2.5                           7.7
  2450018.778021              -2.3                           7.7
  2450018.845972             -27.0                           8.1
  2450018.868287               6.1                           9.7
  2450019.611632             -47.6                           6.5
  2450019.633738             -53.1                           6.6
  2450019.723484             -56.8                           6.0
  2450019.744676             -73.1                           7.3
  2450019.838044             -62.2                           6.0
  2450019.860139             -69.9                           7.2
  2450020.602187             -25.3                           5.6
  2450020.624931             -22.4                           5.6
  2450020.729340             -14.8                           5.2
  2450020.752986             -11.2                           6.1
  2450020.842303              -6.0                           7.5
  2450020.864352               4.9                           7.0
  2450021.604722              37.3                           6.0
  2450021.627025              60.2                           6.0
  2450021.649803              58.6                           6.4
  2450021.672685              46.2                           5.9
  2450021.698472              48.9                           7.6
  2450021.721956               69.                           11.
  2450021.744630               29.                           12.
  2450023.588264             -39.2                           6.9
  2450023.610405             -38.2                           7.5
  2450023.632975             -42.7                           6.3
  2450023.655775             -48.1                           6.0
  2450023.678507             -39.9                           6.6
  2450023.701042             -40.1                           6.6
  2450023.725833             -48.8                           6.7
  2450024.630289             -41.3                           3.5
  2450024.648183             -46.0                           3.7
  2450024.717917             -40.6                           4.4
  2450024.733160             -36.0                           4.2
  2450024.809340             -31.1                           4.9
  2450024.824537             -30.7                           5.4
  2450025.609005              38.2                           6.7
